8.57289015096703E-13
7.82395828493393E-13
7.11698772313822E-13
6.37534020970575E-13
5.71262595926836E-13
5.04822036793720E-13
4.47616960719882E-13
3.91189854726837E-13
3.42808933330098E-13
3.01265068059690E-13
2.65685609958200E-13
2.41399388617173E-13
2.18471850821053E-13
1.96923456065578E-13
1.76781357203722E-13
1.60385046402109E-13
1.45089775218573E-13
1.30890990262164E-13
1.17773159348366E-13
1.05709960510423E-13
9.62191539965252E-14
8.74369293434120E-14
7.93340988030867E-14
7.18785898324971E-14
6.50362580841244E-14
5.87716482357141E-14
5.30486786042946E-14
4.78312363620996E-14
4.30836785632023E-14
3.87712403005058E-14
3.54674597291189E-14
3.24186831573468E-14
2.96088248806442E-14
2.70223024115696E-14
2.46441032270968E-14
2.24598350652084E-14
2.08020086095464E-14
1.92499608397973E-14
1.77987933717047E-14
1.61774388967926E-14
1.49361465389691E-14
1.37794531670726E-14
1.27027907285958E-14
1.15184265725592E-14
1.06046982342531E-14
9.75668278232657E-15
8.69764670562728E-15
7.75107325516829E-15
7.01276234369177E-15
6.15033688886972E-15
5.39253856771704E-15
4.51121449368150E-15
3.83065908356449E-15
3.25103137150790E-15
2.71355622699135E-15
2.30032394752083E-15
1.91721233361367E-15
1.62350883193697E-15
1.37419227297999E-15
1.10457220972209E-15
