8.61218399297399E-13
7.85981939773292E-13
7.14960843636722E-13
6.40456158155694E-13
5.73880978035267E-13
5.07135888599364E-13
4.49668613059342E-13
3.92982873425977E-13
3.44380198076017E-13
3.02645916499142E-13
2.66903379951443E-13
2.42505842714900E-13
2.19473216549291E-13
1.97826054726454E-13
1.77591634554465E-13
1.61120171262293E-13
1.45754794203288E-13
1.31490929116031E-13
1.18312972624239E-13
1.06194482114423E-13
9.66601744888682E-14
8.78376965090575E-14
7.96977266449507E-14
7.22080453489943E-14
6.53343517730530E-14
5.90410280854025E-14
5.32918272226774E-14
4.80504708339653E-14
4.32811526038967E-14
3.89489482804231E-14
3.56300248307873E-14
3.25672741915985E-14
2.97445369294847E-14
2.71461591346730E-14
2.47570594742382E-14
2.25627797192298E-14
2.08973546160083E-14
1.93381930353065E-14
1.78803741411240E-14
1.62515881879761E-14
1.50046063666304E-14
1.38426112906639E-14
1.27610139699003E-14
1.15712212807545E-14
1.06533048686097E-14
9.80140253785937E-15
8.73751236930252E-15
7.78660029943335E-15
7.04490533989409E-15
6.17852695799986E-15
5.41725526824217E-15
4.53189164531329E-15
3.84821690947401E-15
3.26593247379921E-15
2.72599381195776E-15
2.31086748233429E-15
1.92599987634479E-15
1.63095018466815E-15
1.38049088326319E-15
1.10963501644535E-15
