8.64918887331064E-13
7.89359151366984E-13
7.18032891387415E-13
6.43208073757213E-13
5.76346833030585E-13
5.09314952921184E-13
4.51600751670289E-13
3.94671444433906E-13
3.45859932836736E-13
3.03946327165422E-13
2.68050211886828E-13
2.43547843175866E-13
2.20416250293360E-13
1.98676074824561E-13
1.78354711282835E-13
1.61812473315088E-13
1.46381074218019E-13
1.32055920075497E-13
1.18821340466566E-13
1.06650779158966E-13
9.70755044670942E-14
8.82151180145683E-14
8.00401722824342E-14
7.25183092820063E-14
6.56150807810731E-14
5.92947159050120E-14
5.35208118438728E-14
4.82569343657223E-14
4.34671233024148E-14
3.91163043391803E-14
3.57831201207080E-14
3.27072094374472E-14
2.98723434220819E-14
2.72628009030325E-14
2.48634357458180E-14
2.26597275972888E-14
2.09871464861714E-14
1.94212854912715E-14
1.79572026327129E-14
1.63214181029741E-14
1.50690782431659E-14
1.39020903002596E-14
1.28158455660803E-14
1.16209405690549E-14
1.06990800485379E-14
9.84351725908928E-15
8.77505576130736E-15
7.82005780713929E-15
7.07517592855063E-15
6.20507488718066E-15
5.44053216096973E-15
4.55136430267527E-15
3.86475194940821E-15
3.27996555071432E-15
2.73770687741157E-15
2.32079683065376E-15
1.93427552338283E-15
1.63795806054121E-15
1.38642258420951E-15
1.11440290238862E-15
