8.23798035200252E-15
6.75426157883592E-15
5.65044887538109E-15
4.54136253921864E-15
3.73005750595408E-15
2.92950153862711E-15
2.35531790130365E-15
1.80063566967288E-15
1.41192815970160E-15
1.14156014255887E-15
9.56401494719512E-16
9.14089903825930E-16
8.73289249558535E-16
8.33960309249917E-16
7.96064395736452E-16
7.96064395736452E-16
7.96064395736452E-16
7.96064395736452E-16
7.96064395736452E-16
7.96064395736452E-16
8.33960309249917E-16
8.73289249558535E-16
9.14089903825930E-16
9.56401494719512E-16
1.00026377555549E-15
1.04571702522464E-15
1.09280204290385E-15
1.14156014255887E-15
1.19203314724321E-15
1.24426338319895E-15
1.35416733309515E-15
1.47162042981238E-15
1.59697875303524E-15
1.73060580415256E-15
1.87287227564431E-15
2.02415581099800E-15
2.26883063449274E-15
2.53598421946722E-15
2.82697124965743E-15
3.03488535859509E-15
3.36868168612988E-15
3.73005750595408E-15
4.12046143746324E-15
4.39758214213937E-15
4.83963990104149E-15
5.31468251454016E-15
5.48062106080586E-15
5.65044887538109E-15
6.00199833656252E-15
6.00199833656252E-15
6.00199833656252E-15
5.48062106080586E-15
5.15257690251720E-15
4.83963990104149E-15
4.39758214213937E-15
4.12046143746324E-15
3.73005750595408E-15
3.48600481329878E-15
3.25442276022038E-15
2.72724259305515E-15
