8.71785772341988E-13
7.95626141953216E-13
7.23733598553649E-13
6.48314721265187E-13
5.80922646423959E-13
5.13358577435902E-13
4.55186163525655E-13
3.97804875170268E-13
3.48605832392710E-13
3.06359460360580E-13
2.70178353622593E-13
2.45481452278690E-13
2.22166209818437E-13
2.00253431707647E-13
1.79770729954037E-13
1.63097157536769E-13
1.47543243317520E-13
1.33104356907497E-13
1.19764703472947E-13
1.07497515942655E-13
9.78462198906064E-14
8.89154878186091E-14
8.06756384138469E-14
7.30940567865646E-14
6.61360212083270E-14
5.97654768073800E-14
5.39457317594932E-14
4.86400625689827E-14
4.38122235677060E-14
3.94268619739873E-14
3.60672144731383E-14
3.29668830895375E-14
3.01095101093759E-14
2.74792495453492E-14
2.50608350126670E-14
2.28396308761611E-14
2.11537705751338E-14
1.95754776775983E-14
1.80997709676203E-14
1.64509993885374E-14
1.51887167769430E-14
1.40124637201278E-14
1.29175949198163E-14
1.17132031659011E-14
1.07840236813943E-14
9.92166828817572E-15
8.84472391141944E-15
7.88214390391318E-15
7.13134815492360E-15
6.25433908566051E-15
5.48372639489714E-15
4.58749913076965E-15
3.89543552866756E-15
3.30600631200010E-15
2.75944246278977E-15
2.33922242547341E-15
1.94963239417507E-15
1.65096236628502E-15
1.39742986431608E-15
1.12325052578849E-15
