1.02921851741234E-12
1.02171343501540E-12
1.01042095261101E-12
1.00426399061660E-12
9.94130069103409E-13
9.89555012640766E-13
9.80806781732193E-13
9.78060432752021E-13
9.70937156386258E-13
9.58981849067312E-13
9.41719255532787E-13
9.06703771961485E-13
8.71071126841469E-13
8.35028591327800E-13
7.98799867485772E-13
7.56403184711109E-13
7.14408676376598E-13
6.73177164187842E-13
6.33032880592682E-13
5.94244968731754E-13
5.51705736439759E-13
5.11410995284101E-13
4.73407740889626E-13
4.37635264499678E-13
4.03957540710967E-13
3.72200869217850E-13
3.42189357306289E-13
3.13772260241598E-13
2.86839901329742E-13
2.61327909567548E-13
2.34360566467987E-13
2.09191111942885E-13
1.85840975854526E-13
1.64331071527930E-13
1.44665738314188E-13
1.26823765202619E-13
1.09179981742060E-13
9.36185939044013E-14
7.99959316634954E-14
6.91696252271321E-14
5.87789107282030E-14
4.98372335418765E-14
4.21759438982887E-14
3.61775082940666E-14
3.05269586380345E-14
2.57307017728688E-14
2.23303435810718E-14
1.93639612987714E-14
1.65281479881277E-14
1.45314200933581E-14
1.27696695923004E-14
1.17443573100229E-14
1.06380118876555E-14
9.63597955422583E-15
8.86839602749693E-15
8.03491873710831E-15
7.39956650739999E-15
6.70619964281001E-15
6.07842530003406E-15
5.79569431378352E-15
