8.40578676675747E-15
6.89184486641757E-15
5.76554766501384E-15
4.63386940780124E-15
3.80603821362254E-15
2.98917504223004E-15
2.40329537099134E-15
1.83731434613200E-15
1.44068892292841E-15
1.16481355013751E-15
9.75883248624903E-16
9.32709777019418E-16
8.91078019590845E-16
8.50947954711968E-16
8.12280107167486E-16
8.12280107167486E-16
8.12280107167486E-16
8.12280107167486E-16
8.12280107167486E-16
8.12280107167486E-16
8.50947954711968E-16
8.91078019590845E-16
9.32709777019418E-16
9.75883248624903E-16
1.02063899749256E-15
1.06701812298806E-15
1.11506225536139E-15
1.16481355013751E-15
1.21631468229923E-15
1.26960884026777E-15
1.38175151701345E-15
1.50159711555999E-15
1.62950896888135E-15
1.76585798283472E-15
1.91102240084986E-15
2.06538755895506E-15
2.31504637162641E-15
2.58764183475159E-15
2.88455622676958E-15
3.09670551468400E-15
3.43730122296366E-15
3.80603821362254E-15
4.20439461421434E-15
4.48716022576317E-15
4.93822263440542E-15
5.42294179414733E-15
5.59226048352198E-15
5.76554766501384E-15
6.12425813558947E-15
6.12425813558947E-15
6.12425813558947E-15
5.59226048352198E-15
5.25753411530667E-15
4.93822263440542E-15
4.48716022576317E-15
4.20439461421434E-15
3.80603821362254E-15
3.55701420450180E-15
3.32071486000146E-15
2.78279611250441E-15
