#xsec (eV,cm2) for N2 -> N + N
9.759461381156274 1e-35
11.94452768653269 1e-35
11.949132361816629 7e-22
12.015136872391638 7e-22
12.087764198713982 1e-21
12.30001958196521 6e-20
12.39841973862093 3.72e-19
12.43572691937907 1.86e-19
12.499667041658364 1.79e-17
12.504709771680213 7.44e-20
12.52618684443416 1.67e-19
12.555361760628792 2.98e-18
12.578289275257108 1.6e-17
12.663078070289993 8.37e-17
12.677320796135923 5.47e-17
12.690296559489184 6.89e-20
12.703298912521447 9.49e-20
12.749017726088361 2.51e-16
12.781876019196837 5.21e-19
12.837460901450541 1e-16
12.84144975517445 4.84e-17
12.848103356083866 1.34e-18
12.868105592756546 1.6e-19
12.910985877976604 7.07e-17
12.915020561063471 2.94e-17
12.924444635276695 9.49e-20
12.931184541740645 3.01e-17
12.93928171427774 4.17e-17
12.941983025700347 1.86e-17
12.955506518935143 1.08e-18
12.975844833721538 1.86e-18
12.981279173511602 1.6e-17
12.98943922328018 4.17e-20
12.996247105472674 7.44e-20
13.009884300756486 2.08e-19
13.023550145610223 1.04e-19
13.034503509904258 4.76e-20
13.048221151990036 3.72e-19
13.05096814591677 5.77e-20
13.06196769766217 6.1e-18
13.078501833988323 7.63e-20
13.085403418069586 5.58e-19
13.09646111610957 5.58e-18
13.103381672607199 4.84e-18
13.113082748409235 8.2e-19
13.154822003841836 1.9e-17
13.182796106986636 3.8e-19
13.191211552953433 3.01e-17
13.206667808501205 9.16e-17
13.210889439127257 6.7e-17
13.219340802453281 1.08e-17
13.232038141537814 5.21e-20
13.256088675955235 3.35e-18
13.2603419664395 3.65e-18
13.267436852456857 5.21e-19
13.270276933127402 5.58e-20
13.295892481094834 3.72e-18
13.304452987038236 4.47e-18
13.31016611768216 5.95e-19
13.345984648676998 7.37e-17
13.35029583139973 3.35e-17
13.357487328830997 7.82e-19
13.364686578226722 2.61e-19
13.374778574564111 4.47e-18
13.387776415744446 8.56e-18
13.403697014725333 6.48e-19
13.43274077857089 1.11e-17
13.435652079129747 2.23e-17
13.447309911736369 1.3e-18
13.457527123218204 9.3e-18
13.476543194153187 2.81e-17
13.486804893528697 4.21e-19
13.488272126437044 1.08e-18
13.510318991632266 1.11e-17
13.52948465584999 1.97e-17
13.535392727752109 1.9e-19
13.584331914781341 6.92e-17
13.58582044556315 3.57e-17
13.594758485329967 7.63e-19
13.597740445954082 2.23e-18
13.612669893084027 5.58e-18
13.61565971735222 1.34e-17
13.624637075407616 6.14e-19
13.629130195252204 1.15e-18
13.654647289230102 7.44e-18
13.660665203416627 8.93e-18
13.66970202714546 6.18e-19
13.699911313393295 1e-17
13.70445422639652 1.67e-17
13.71506608254528 5.81e-19
13.721137382271946 1.67e-17
13.730254417077443 1.11e-17
13.737861206228178 1.34e-17
13.740906282412647 5.66e-19
13.756151934562224 1.19e-17
13.757678360653495 9.68e-18
13.76378745406409 1.9e-18
13.768372835781156 5.43e-19
13.779083950456693 8.93e-18
13.786744955655434 1.3e-17
13.791345649189022 9.3e-18
13.802092551064156 5.17e-18
13.81901442111116 3.3e-17
13.834433986410323 1.38e-17
13.845248172664357 4.39e-19
13.868478454833255 9.6e-18
13.880899841716225 4.32e-19
13.884008665868903 1.9e-18
13.896457900270041 1.23e-17
13.913612095860096 8.56e-18
13.922986792387345 4.17e-19
13.943342036235865 9.27e-18
13.948047855350355 1.08e-17
13.95746902918038 4.84e-19
13.97792529720511 1.67e-17
13.97950134019724 2.53e-17
13.987386889238415 7.52e-18
13.988965066705328 1.94e-17
13.993701736592474 2.2e-17
13.996861298962441 9.23e-18
14.009513828950205 3.57e-19
14.026948454147451 7.44e-18
14.046017603513008 2.16e-17
14.047609039905883 1.49e-17
14.057165236531668 8.19e-18
14.071523934423936 4.17e-17
14.073121156209911 4.47e-17
14.085911995706578 5.62e-19
14.095520394066543 6.7e-18
14.101933278686229 5.58e-18
14.105141909693891 1.82e-18
14.116383625891986 5.62e-18
14.130863618213965 1.34e-17
14.14537334697197 2.64e-17
14.150216547159246 4.17e-17
14.161530255420825 1.12e-17
14.16962255842392 2.75e-19
14.182589497392966 4.54e-19
14.198831583395478 2.62e-18
14.223264584858242 4.09e-17
14.226528673116388 3.13e-17
14.236329932966969 2.27e-17
14.251057170828657 5.29e-19
14.282248287778978 1.97e-17
14.300368787336716 3.8e-17
14.303668364814182 2.2e-17
14.308620586983185 2.34e-18
14.31522888652688 6.07e-19
14.326808110262228 2.87e-17
14.333433223839227 1.67e-17
14.346701849827506 5.99e-19
14.358332065571433 9.3e-18
14.36165844853577 7.44e-18
14.374979407096733 6.9e-19
14.383317562205256 5.81e-18
14.395007243261269 4.54e-19
14.40336865546112 8.84e-18
14.416767137931314 3.8e-19
14.420120654362563 5.54e-19
14.421797997697952 1.6e-18
14.433550335996427 3.31e-18
14.463858771139677 2.46e-17
14.465546305706372 2.2e-17
14.472300383589273 1.51e-18
14.479060771483047 2.46e-17
14.480751855432061 1.86e-17
14.501075717685302 1.86e-18
14.523157711867084 4.76e-17
14.526560912268225 3.35e-17
14.538484684123981 2.68e-18
14.543600866417515 1.15e-18
14.584660320692779 3.72e-17
14.586376163083449 2.85e-17
14.59152611347644 1.97e-17
14.617330510045898 4.09e-19
14.638039833082564 2.98e-18
14.639768259087178 5.51e-18
14.651878679533125 7.44e-19
14.686590545630102 2.12e-17
14.688330456842708 2.94e-17
14.698778587576683 1.12e-18
14.709241592859096 1.19e-17
14.72146727454397 2.94e-17
14.72496406011987 2.23e-17
14.733713296043888 1.3e-17
14.744226113236927 3.01e-17
14.745979708160005 2.16e-17
14.760023498358251 1.97e-18
14.804083269995141 1.64e-17
14.805851132816972 1.64e-17
14.821780918853474 1.09e-18
14.846628833218695 2.64e-17
14.848406872599918 1.84e-17
14.857303461499018 1.94e-18
14.864428412205887 5.58e-18
14.875128660612994 7.26e-18
14.884057309268826 5.5e-19
14.901946801227082 3.61e-18
14.910907683248263 3.01e-19
14.950463931774909 3.35e-18
14.963094060609379 4.84e-18
14.96490010696552 7.37e-18
14.97393688239243 7.56e-19
15.002928047702 8.19e-18
15.010193388160934 1.67e-17
15.01564701298405 2.46e-17
15.02474519949216 1.49e-18
15.030209405529073 1.38e-17
15.037501199055102 1.19e-17
15.059419092215393 1.49e-18
15.07223406105146 1.12e-18
15.074066551514811 3.8e-19
15.09792954045413 2.08e-17
15.101607477004787 1.22e-17
15.114494378423666 4.35e-18
15.118180390953459 8.56e-18
15.138485639341798 4.24e-17
15.145882895945432 6.81e-17
15.166262677212147 7.8e-19
15.19414183654526 6.25e-18
15.212784955363107 4.84e-18
15.237089515326202 8.26e-17
15.24083557298209 4.84e-17
15.259593524456529 1.82e-17
15.278397706248839 1.86e-18
15.297248289476784 5.21e-18
15.306691035334483 1.56e-18
15.32561154341277 7.44e-18
15.329401259422518 1.49e-17
15.344578884431845 4.43e-18
15.37121217285015 9.53e-17
15.373118088804627 5.21e-17
15.376931338981683 1.51e-17
15.382654762556985 1.66e-17
15.386472745868618 3.54e-17
15.401763650460783 4.84e-18
15.411335908789225 3.35e-18
15.420920072911604 8.19e-18
15.42667629540989 1.3e-17
15.453595585966513 2.75e-17
15.455521987809687 4.17e-18
15.469020260288124 7.33e-17
15.478676327866333 5.51e-17
15.536866840377108 4.7e-18
15.59549652656721 3.68e-17
15.624977616409494 1.63e-17
15.65457037704663 1.45e-17
15.684275444175752 8.69e-18
15.690229990661772 1.24e-17
15.704141530868819 1.49e-17
15.734035201295598 2.22e-18
15.740027597589094 9.25e-19
15.770058176826419 1.32e-17
15.79014230593598 6.34e-18
15.824402984838457 4.69e-17
15.844625864052308 5.02e-18
15.875057283765598 8.58e-18
15.895409921308888 7.35e-18
15.897448055675 4.48e-18
15.926036915376917 1.38e-17
16.00828888136983 2.04e-17
16.018630153257018 2.86e-18
16.07053757436284 3.54e-17
16.09139485869037 2.3e-18
16.13327226886263 1.16e-17
16.1648236487887 1.38e-18
16.20496632939607 1.96e-17
16.207084625648278 1.19e-17
16.217684419386437 8.57e-18
16.219806042151927 4.19e-18
16.236799029100222 5.95e-18
16.243180582498272 5.46e-18
16.255958749994665 5.2e-18
16.270892045434294 1.5e-17
16.281575493921117 2.05e-17
16.290132359244424 1.8e-17
16.307273100908763 8.51e-18
16.324449952101293 4.84e-18
16.326599603135282 1.62e-18
16.341663027047492 5.98e-18
16.34597196917723 1e-17
16.363230485180058 9.67e-18
16.371873416903384 1.93e-17
16.389186700093763 5.19e-18
16.436987589315834 1.68e-17
16.467551784594143 7.84e-18
16.476305300492932 7.8e-18
16.487260290719323 4.14e-18
16.51361179890907 2.24e-17
16.540047676922267 1.04e-17
16.54666987671284 1.45e-17
16.566568330599857 3.35e-18
16.58429606557107 5.21e-18
16.597616785302453 7.44e-18
16.608733742291935 1.34e-17
16.63101239251634 5.15e-18
16.648878392132307 1.04e-17
16.67126494368822 2.97e-18
16.6959597880702 2.98e-18
16.722983192097292 7.44e-19
16.743308222310507 2.61e-18
16.76141643723257 6.17e-18
16.790925973213614 3.71e-19
16.80458083304545 1.86e-18
16.813696417983362 1.12e-18
16.82738835317716 1.86e-18
16.84796811879458 3.37e-18
16.873189627954453 5.96e-18
16.91462447287985 7.44e-18
16.99577757179017 8.55e-18
17.077713138596327 6.32e-18
17.139092809816052 8.2e-18
17.188991735229354 7.64e-18
17.33317452624204 5.77e-18
17.46256301214216 6.18e-18
17.712028198029902 5.57e-18
17.842020058455795 5.59e-18
17.945317323231915 3.35e-18
18.065597754073924 1.08e-18
18.081405481436388 1e-18
18.09988283010355 1.09e-18
18.182167089926576 5.19e-18
18.24101771166828 4.06e-18
18.365308455963458 5.4e-18
18.392552645929285 3.35e-18
18.466517334853936 4.47e-18
18.505104087493926 4.04e-18
18.785484452455957 4.04e-18
19.074491905570664 3.14e-18
19.372530841595207 2.03e-18
19.68003133114434 9.09e-19
19.68940723935355 7.26e-19
19.812112078333225 4.8e-19
19.834298094098436 7.17e-19
19.8501756942378 7.2e-19
19.997451191324085 6.94e-19
20.094683530990164 4.74e-19
20.298657070433745 2.33e-19
20.331944471336392 1.3e-19
20.378730668344726 1.17e-19
20.664032897701553 1.21e-18
20.677818109774734 1.08e-18
20.740079857177875 7.02e-19
21.219270475134234 1.16e-19
22.327426145544628 1.12e-18
22.359638843319985 1.84e-18
22.37578007330975 1.39e-18
22.408132547661182 9.96e-19
23.088304913633017 8.82e-19
23.580106007266895 5.24e-19
23.7426651448122 8.26e-19
23.86146985877777 5.16e-19
24.291574723003393 0.0
24.39673305513761 0.0
24.430383721420558 0.0
24.89642517795368 0.0
28.502114341657315 0.0
28.83353427586263 0.0
31.388404401571975 0.0
35.62764292707164 0.0
40.81112488025323 0.0
50.15541965461542 0.0
59.23755250177224 0.0
82.65613159080621 0.0
123.98419738620932 0.0
182.3297020385431 0.0
277.99147396011057 0.0
413.2806579540311 0.0
427.53171512485966 0.0
925.2552043746963 0.0
1252.3656301637304 0.0
12398.41973862093 0.0
